M	N	HSS_build	MATLAB_time	HSS_backslash_time	HSS_factored_time	HSS_lsqr_time	MATLAB_residual	HSS_backslash_residual	HSS_factored_residual	HSS_lsqr_residual	Full_storage_MB	HSS_storage_MB	HSS_factored_storage_MB
1000	1500	0.0623036666666667	NaN	NaN	NaN	1.11915870833333	NaN	NaN	NaN	2.5533214927784e-11	12	3.031343	12
1468	2202	0.133181958333333	NaN	NaN	NaN	1.708890125	NaN	NaN	NaN	2.96187964563826e-11	25.860288	3.287295	25.860288
2154	3231	0.310442375	NaN	NaN	NaN	2.45215586111111	NaN	NaN	NaN	3.6983691478042e-11	55.676592	3.568271	55.676592
3162	4743	0.39187275	NaN	NaN	NaN	4.16696544444444	NaN	NaN	NaN	4.22901560001308e-11	119.978928	7.624975	119.978928
4642	6963	0.970090458333333	NaN	NaN	NaN	6.27039244444444	NaN	NaN	NaN	5.56601888531363e-11	258.577968	8.277031	258.577968
6813	10220	1.31410104166667	NaN	NaN	NaN	10.1553278888889	NaN	NaN	NaN	6.09474151392831e-11	557.03088	17.687831	557.03088
10000	15000	3.328721125	NaN	NaN	NaN	14.3617462638889	NaN	NaN	NaN	7.95659400196875e-11	1200	19.178463	1200
14678	22017	5.00610091666667	NaN	NaN	NaN	23.3150952222222	NaN	NaN	NaN	9.61797758799059e-11	2585.324208	41.008271	2585.324208
21544	32316	12.071304125	NaN	NaN	NaN	32.9346326666667	NaN	NaN	NaN	1.17758985890161e-10	5569.727232	44.439679	5569.727232
31623	47435	18.6330369166667	NaN	NaN	NaN	52.8447721111111	NaN	NaN	NaN	1.38770671402844e-10	12000.29604	95.078367	12000.29604
