M	N	HSS_build	MATLAB_time	HSS_backslash_time	HSS_factored_time	HSS_lsqr_time	MATLAB_residual	HSS_backslash_residual	HSS_factored_residual	HSS_lsqr_residual	Full_storage_MB	HSS_storage_MB	HSS_factored_storage_MB
1000	2000	0.074484	0.262408819444444	NaN	NaN	1.11545079166667	1.16586739500728e-13	NaN	NaN	1.24224526658959e-08	16	2.045375	16
1468	2936	0.103382708333333	1.12595972222222	NaN	NaN	2.02007527777778	3.65216550384639e-14	NaN	NaN	1.68764352973026e-08	34.480384	4.375079	34.480384
2154	4308	0.264816166666667	3.92722745833333	NaN	NaN	2.89708798611111	1.45143137880945e-13	NaN	NaN	1.96068010805638e-08	74.235456	4.750991	74.235456
3162	6324	0.381359208333333	6.86399398611111	NaN	NaN	4.45530388888889	5.04430398994959e-12	NaN	NaN	2.28634042790435e-08	159.971904	10.157903	159.971904
4642	9284	0.9948245	19.8451195	NaN	NaN	7.20886733333333	2.7226523734981e-12	NaN	NaN	2.86876494593269e-08	344.770624	11.006527	344.770624
6813	13626	2.60978420833333	48.0892158055556	NaN	NaN	10.0067980277778	5.42494407209459e-12	NaN	NaN	3.35897509012133e-08	742.671504	12.017631	742.671504
10000	20000	3.85819025	149.951646208333	NaN	NaN	16.5041692361111	1.48617972310999e-11	NaN	NaN	4.47353662742259e-08	1600	25.507199	1600
14678	29356	10.3422223333333	NaN	NaN	NaN	24.7828847638889	NaN	NaN	NaN	5.04042970698081e-08	3447.098944	27.822047	3447.098944
21544	43088	15.1569176666667	NaN	NaN	NaN	37.2431179722222	NaN	NaN	NaN	5.95700994186817e-08	7426.302976	59.176391	7426.302976
31623	63246	40.4382711666667	NaN	NaN	NaN	49.6356929583333	NaN	NaN	NaN	8.16187814074009e-08	16000.226064	64.315119	16000.226064
