M	N	HSS_build	MATLAB_time	HSS_backslash_time	HSS_factored_time	HSS_lsqr_time	MATLAB_residual	HSS_backslash_residual	HSS_factored_residual	HSS_lsqr_residual	Full_storage_MB	HSS_storage_MB	HSS_factored_storage_MB
1000	2500	0.0761205	0.318163763888889	NaN	NaN	1.26735725	1.73369510463866e-14	NaN	NaN	1.31608591058431e-08	20	2.552375	20
1468	3670	0.210932041666667	1.33614302777778	NaN	NaN	1.58069973611111	8.65226371016913e-15	NaN	NaN	1.66590030492455e-08	43.10048	2.781191	43.10048
2154	5385	0.292954875	1.918710375	NaN	NaN	3.16539269444444	9.14825556907217e-13	NaN	NaN	1.97503558052953e-08	92.79432	5.928167	92.79432
3162	7905	0.841200833333333	6.91615298611111	NaN	NaN	3.73828666666667	3.04250553414151e-12	NaN	NaN	2.53137481156891e-08	199.96488	6.463183	199.96488
4642	11605	1.16937104166667	20.1149628333333	NaN	NaN	7.72490945833333	2.23187604725235e-12	NaN	NaN	2.61088932647543e-08	430.96328	13.736023	430.96328
6813	17033	3.17895695833333	48.6782880972222	NaN	NaN	10.6396125555556	1.44817461146531e-11	NaN	NaN	3.59791986665518e-08	928.366632	14.999111	928.366632
10000	25000	4.699487125	NaN	NaN	NaN	18.3891316944444	NaN	NaN	NaN	4.12058446031877e-08	2000	31.843575	2000
14678	36695	11.8542055833333	NaN	NaN	NaN	26.5195726805556	NaN	NaN	NaN	5.07217741926669e-08	4308.87368	34.679551	4308.87368
21544	53860	30.869796125	NaN	NaN	NaN	34.7468266388889	NaN	NaN	NaN	6.58334092405193e-08	9282.87872	37.687431	9282.87872
31623	79058	46.7742180416667	NaN	NaN	NaN	50.7236859444444	NaN	NaN	NaN	8.21122410086565e-08	20000.409072	80.264615	20000.409072
