M	N	HSS_build	MATLAB_time	HSS_backslash_time	HSS_factored_time	HSS_lsqr_time	MATLAB_residual	HSS_backslash_residual	HSS_factored_residual	HSS_lsqr_residual	Full_storage_MB	HSS_storage_MB	HSS_factored_storage_MB
1000	3000	0.098433625	0.438339291666667	NaN	NaN	1.29207413888889	5.27404086770429e-14	NaN	NaN	1.37811233837841e-08	24	3.059375	24
1468	4404	0.21655175	1.64102420833333	NaN	NaN	1.97325076388889	6.20686165804556e-14	NaN	NaN	1.62991444349978e-08	51.720576	3.334343	51.720576
2154	6462	0.572667416666667	1.971951	NaN	NaN	3.03386684722222	1.20427831566637e-13	NaN	NaN	2.02252350180273e-08	111.353184	3.659983	111.353184
3162	9486	0.838693291666667	7.04596956944444	NaN	NaN	4.48170480555556	4.89863351251669e-12	NaN	NaN	2.23956169663999e-08	239.957856	7.741439	239.957856
4642	13926	2.15980125	20.316586	NaN	NaN	6.47914829166667	2.70512830149984e-12	NaN	NaN	2.61508895399721e-08	517.155936	8.446839	517.155936
6813	20439	3.28072420833333	49.5691326388889	NaN	NaN	11.4436774444444	1.99964517075632e-11	NaN	NaN	3.53821993381072e-08	1114.007256	17.970183	1114.007256
10000	30000	8.54186908333333	NaN	NaN	NaN	16.2423220277778	NaN	NaN	NaN	4.59030972145945e-08	2400	19.490175	2400
14678	44034	12.253810375	NaN	NaN	NaN	27.5891135555556	NaN	NaN	NaN	5.16457277991847e-08	5170.648416	41.715871	5170.648416
21544	64632	31.89506375	NaN	NaN	NaN	32.7563218333333	NaN	NaN	NaN	5.98798382676644e-08	11139.454464	45.222319	11139.454464
31623	94869	51.4779994166667	NaN	NaN	NaN	56.9405425	NaN	NaN	NaN	7.95806141563101e-08	24000.339096	96.159191	24000.339096
