# E2 conditioning: param = alpha (F2 graded) or sigma (F4 blur); fwd = difference from dense QR
# 25.2.0.3177638 (R2025b) Update 5 | MACA64 | threads 10 | 02-Oct-2026 16:25:18
family,param,kappa,ulv_fwd,ulv_bwd,qr_bwd,ne_fwd,ne_bwd,cg_fwd,cg_bwd,cg_its,cg_flag
F2 graded,0,9.28698,2.06433e-15,3.51082e-16,1.78518e-16,3.93552e-15,7.21735e-16,8.96851e-15,1.79026e-15,99,0
F2 graded,2,69.7749,4.35242e-15,1.42333e-16,1.50768e-16,9.17392e-14,4.46292e-15,1.1773e-14,5.95395e-15,403,3
F2 graded,4,851.845,2.53475e-14,5.77447e-17,1.00389e-16,1.22664e-11,4.98644e-14,2.18645e-13,7.88268e-14,1377,3
F2 graded,6,9812.32,2.24235e-13,4.00564e-17,6.46288e-17,4.05655e-10,3.23442e-13,0.0356703,1.91492e-05,1926,1
F2 graded,8,108545,3.52363e-12,5.11875e-17,6.38108e-17,2.03271e-07,7.15553e-12,0.814497,0.000140932,1725,1
F2 graded,10,1.24229e+06,4.25492e-11,2.80161e-17,3.69646e-17,1.94923e-05,7.72103e-11,1,1,0,1
F2 graded,12,1.40621e+07,6.81543e-10,7.82e-17,2.58074e-17,0.00231105,1.22761e-09,1,1,0,1
F2 graded,14,1.54731e+08,4.01986e-09,4.45334e-17,3.47791e-17,0.322526,1.0002e-08,1,1,0,1
F2 graded,16,1.65418e+09,1.12525e-07,4.0113e-17,3.59603e-17,NaN,NaN,1,1,0,1
F2 graded,18,1.72765e+10,5.44811e-07,2.60802e-17,3.52534e-17,NaN,NaN,1,1,0,1
F2 graded,20,1.77414e+11,6.13051e-06,1.66191e-17,3.2453e-17,NaN,NaN,1,1,0,1
F2 graded,22,1.80063e+12,5.60428e-05,1.55457e-17,2.67708e-17,NaN,NaN,1,1,0,1
F2 graded,24,1.81247e+13,0.000363023,6.14707e-18,3.19675e-17,NaN,NaN,1,1,0,1
F4 blur,0.6,2.95928,5.51171e-16,1.53174e-16,1.35066e-16,9.77439e-16,2.32533e-16,5.4283e-15,2.12752e-15,47,0
F4 blur,0.8,11.7623,1.29108e-15,1.80312e-16,1.77282e-16,1.59186e-15,2.95073e-16,7.39166e-15,2.46353e-15,189,3
F4 blur,1,69.4821,7.47311e-15,1.84831e-16,2.20397e-16,6.93061e-14,2.70674e-15,3.76336e-14,2.94488e-14,837,3
F4 blur,1.2,608.921,3.2661e-14,1.92156e-16,1.61212e-16,4.47975e-11,8.34581e-14,6.00355e-06,7.48337e-08,1997,1
F4 blur,1.4,7918.7,4.32087e-13,1.5934e-16,1.90373e-16,3.67602e-09,5.77571e-13,1,1,0,1
F4 blur,1.6,151092,6.23471e-12,1.43713e-16,1.70422e-16,1.8113e-06,1.38867e-11,1,1,0,1
F4 blur,1.8,4.29765e+06,1.3385e-10,1.33501e-16,1.63556e-16,0.000817544,2.43617e-10,1,1,0,1
F4 blur,2,1.05614e+08,2.74778e-09,1.51917e-16,1.73577e-16,NaN,NaN,1,1,0,1
F4 blur,2.2,7.55817e+07,2.37031e-09,1.11886e-16,1.60063e-16,0.0272297,1.68527e-09,1,1,0,1
