# E3/E4 scaling: t = first H\b (factor+solve) for ulv; blocksize 200; reps 3
# 25.2.0.3177638 (R2025b) Update 5 | MACA64 | threads 10 | 02-Oct-2026 16:00:39
family,method,n,m,L,maxrank,t,t_repeat,t_matvec,iters,res,err
F1,ulv,1024,512,1,3,0.0206776,0.000990542,0.000224833,NaN,6.20488e-16,7.75417e-14
F1,ulv,2048,1024,2,3,0.0458178,0.00266637,0.000493667,NaN,6.13156e-16,5.82914e-14
F1,ulv,4096,2048,3,3,0.0966983,0.00510721,0.00175375,NaN,4.76315e-16,1.74243e-13
F1,ulv,8192,4096,4,3,0.150905,0.00563692,0.00225042,NaN,3.5401e-16,3.17742e-13
F1,ulv,16384,8192,5,3,0.277482,0.0116857,0.00474421,NaN,3.77217e-16,5.95641e-13
F1,ulv,32768,16384,6,3,0.559842,0.022701,0.0123924,NaN,4.06441e-16,1.48432e-12
F1,ulv,65536,32768,7,3,1.1394,0.0542599,0.0197803,NaN,3.93035e-16,2.96038e-12
F1,ulv,131072,65536,8,3,2.12812,0.0813138,0.040025,NaN,3.94767e-16,5.57029e-12
F2,ulv,1024,512,1,10,0.0152771,0.000369917,0.000165083,NaN,1.31021e-15,2.39668e-15
F2,dense_qr,1024,512,1,10,0.0218709,NaN,NaN,NaN,1.05807e-15,2.01633e-15
F2,cgne,1024,512,1,10,0.044569,NaN,NaN,79,9.39331e-13,1.67482e-12
F2,ulv,2048,1024,2,10,0.0314668,0.00101146,0.000410542,NaN,1.298e-15,2.54105e-15
F2,dense_qr,2048,1024,2,10,0.106664,NaN,NaN,NaN,1.38165e-15,2.75217e-15
F2,cgne,2048,1024,2,10,0.0750082,NaN,NaN,97,9.31443e-13,1.27472e-12
F2,ulv,4096,2048,3,10,0.0657265,0.00294746,0.00100254,NaN,1.28243e-15,2.54404e-15
F2,dense_qr,4096,2048,3,10,0.605019,NaN,NaN,NaN,1.64654e-15,3.56518e-15
F2,cgne,4096,2048,3,10,0.222313,NaN,NaN,113,8.94894e-13,1.74351e-12
F2,ulv,8192,4096,4,10,0.132821,0.00641062,0.00201017,NaN,1.2401e-15,2.50037e-15
F2,dense_qr,8192,4096,4,10,4.99491,NaN,NaN,NaN,2.15703e-15,4.77927e-15
F2,cgne,8192,4096,4,10,0.606628,NaN,NaN,134,8.50968e-13,1.48228e-12
F2,ulv,16384,8192,5,10,0.266709,0.0105297,0.00471671,NaN,1.27994e-15,2.46651e-15
F2,cgne,16384,8192,5,10,1.43677,NaN,NaN,152,9.57036e-13,1.43745e-12
F2,ulv,32768,16384,6,10,0.540145,0.0211227,0.00943658,NaN,1.26558e-15,2.47735e-15
F2,cgne,32768,16384,6,10,3.21966,NaN,NaN,171,9.63617e-13,1.31162e-12
F2,ulv,65536,32768,7,10,1.07836,0.0413172,0.018947,NaN,1.23319e-15,2.50436e-15
F2,ulv,131072,65536,8,10,2.17794,0.0827069,0.0387558,NaN,1.24942e-15,2.49183e-15
F3,ulv,1023,342,0,0,0.0384164,0.000216583,0.000106458,NaN,2.7536e-15,2.86555e-15
F3,ulv,2046,683,1,16,0.0405436,0.000694875,0.000240375,NaN,1.32284e-15,1.65873e-15
F3,ulv,4095,1366,2,30,0.0872655,0.00160287,0.000703458,NaN,1.49726e-15,1.81818e-15
F3,ulv,8190,2731,3,32,0.179679,0.00403483,0.00170663,NaN,1.40384e-15,1.77907e-15
F3,ulv,16383,5462,4,34,0.37063,0.00864954,0.00470425,NaN,1.46546e-15,1.81851e-15
F3,ulv,32766,10923,5,35,0.736241,0.0165449,0.00863396,NaN,1.42617e-15,1.7995e-15
F3,ulv,65535,21846,6,38,1.50739,0.0337287,0.0174922,NaN,1.40808e-15,1.79028e-15
F3,ulv,131070,43691,7,39,3.27248,0.071036,0.0346935,NaN,1.40321e-15,1.78219e-15
F4,ulv,1024,504,1,4,0.0118172,0.000266,0.000124625,NaN,2.47952e-16,5.60995e-15
F4,ulv,2048,1016,2,10,0.028747,0.00085975,0.0003365,NaN,2.49319e-16,5.27361e-15
F4,ulv,4096,2040,3,10,0.0670377,0.00234308,0.00092125,NaN,2.94216e-16,4.96251e-15
F4,ulv,8192,4088,4,10,0.140473,0.00575471,0.00260079,NaN,2.60939e-16,5.13601e-15
F4,ulv,16384,8184,5,10,0.2669,0.0102936,0.00450967,NaN,2.71263e-16,4.98665e-15
F4,ulv,32768,16376,6,10,0.524785,0.0203836,0.00915921,NaN,2.57073e-16,5.09294e-15
F4,ulv,65536,32760,7,10,1.003,0.04064,0.0184726,NaN,2.56535e-16,5.07539e-15
F4,ulv,131072,65528,8,10,2.01484,0.0819272,0.0370148,NaN,2.56689e-16,5.05245e-15
F5,ulv,1024,768,1,28,0.105122,0.00539171,0.000937875,NaN,1.87049e-15,2.23111e-15
F5,ulv,2048,1536,2,31,0.20575,0.00656813,0.00151917,NaN,1.92959e-15,2.31037e-15
F5,ulv,4096,3072,3,35,0.46151,0.00997729,0.00308321,NaN,1.86897e-15,2.24733e-15
F5,ulv,8192,6144,4,38,0.847447,0.0189445,0.006657,NaN,1.9658e-15,2.36495e-15
F5,ulv,16384,12288,5,41,1.78684,0.0387352,0.0133912,NaN,1.79386e-15,2.17396e-15
F5,ulv,32768,24576,6,43,3.49515,0.0755292,0.0267143,NaN,1.93287e-15,2.31954e-15
F5,ulv,65536,49152,7,45,7.02952,0.151645,0.0526253,NaN,1.80368e-15,2.18662e-15
F5,ulv,131072,98304,8,48,14.5838,0.338952,0.105467,NaN,1.94287e-15,2.33263e-15
