N	HSS_build	HSS_matvec	Full_matvec
1000	0.43470825	0.00193570416666667	0.000690254166666667
1520	0.651558458333333	0.00139347083333333	0.00146301041666667
2310	1.821334625	0.00144655416666667	0.00352564166666667
3511	5.17381366666667	0.00219845208333333	0.0098109125
5337	9.44120120833333	0.00337725625	0.0204256125
8111	26.8735644166667	0.00541891041666667	0.0457855208333333
12328	47.7276065833333	0.00870730208333333	0.112556379166667
18738	130.0596445	0.01449793125	0.223447502083333
28480	361.443720375	0.02050896875	NaN
43288	656.323836375	0.0315177333333333	NaN
65793	1798.17780145833	0.0459068020833333	NaN
100000	3114.44029175	0.0673603020833333	NaN
