N	ULV_solve	Dense_solve	ULV_factored
1000	0.0924526833333333	0.12519855	0.0897855666666667
1520	0.102797008333333	0.183001225	0.113585125
2310	0.115202916666667	0.374194475	0.116660958333333
3511	0.151757458333333	0.968713483333333	0.149347283333333
5337	0.242932416666667	2.82370963333333	0.261340308333333
8111	0.390860383333333	7.70940275833333	0.385564025
12328	0.596455008333333	26.71993985	0.592541191666667
18738	0.851889075	134.591942466667	0.856536433333333
28480	1.22071700833333	NaN	1.2139271
43288	1.97308323333333	NaN	1.92147684166667
65793	2.969784925	NaN	2.93959338333333
100000	4.58359475	NaN	4.55687365
